dimwishlist:item=3947966653&perks=3798852852,1380253176,1556840489,4049631843
dimwishlist:item=3947966653&perks=3525010810,106909392,1556840489,2109543898
dimwishlist:item=3381450498&perks=1441682018,1380253176,1556840489,2173046394
dimwishlist:item=3947966653&perks=3525010810,106909392,1556840489,2109543898
dimwishlist:item=1801007332&perks=839105230,106909392,2980589453,2298656195
dimwishlist:item=1801007332&perks=839105230,106909392,1820235745,4293542123
dimwishlist:item=2821677368&perks=1840239774,1087426260,3418782618,1354429876
dimwishlist:item=2821677368&perks=1840239774,1087426260,1523832109,555281244
dimwishlist:item=3232203524&perks=1482024992,791862061,4071163871,469285294
dimwishlist:item=1079872540&perks=839105230,1087426260,124408337,1955165503,1906137414
dimwishlist:item=1079872540&perks=4090651448,1087426260,1820235745,557221067,1906137414
dimwishlist:item=970034755&perks=839105230,1087426260,3418782618,3891536761,1906137414

